Language                 Files     Lines   Blanks  Comments     Code Complexity
───────────────────────────────────────────────────────────────────────────────
C#                           8       436       77        40      319         24
Powershell                   7      1244      180       228      836        146
SQL                          7        90        0         0       90          0
JSON                         5       221        0         0      221          0
Plain Text                   4         4        0         0        4          0
MSBuild                      2        44        8         1       35          0
Shell                        2        24        7         7       10          3
Batch                        1         4        1         0        3          1
Dockerfile                   1        11        2         0        9          2
───────────────────────────────────────────────────────────────────────────────
Total                       37      2078      275       276     1527        176
